	M1 = 3.33333333333331038872e-01
	M2 = 3.52941176468276551770e-01
	M3 = 3.53522384487245822093e-01
	M4 = 0.00000000000000000000e+00
