For x0 = 1:
error0: -4.71975511965976313178e-02	 error10: 3.14677173207655869192e-11
error1: 1.77687082272393048754e-03	 error11: 3.14677173207655869192e-11
error2: 3.21571411343590796150e-06	 error12: 3.14677173207655869192e-11
error3: 9.83435555212963663507e-13	 error13: 3.14677173207655869192e-11
error4: 1.96687111042592732701e-12	 error14: 3.14677173207655869192e-11
error5: 3.93352017624692962272e-12	 error15: 3.14677173207655869192e-11
error6: 7.86704035249385924544e-12	 error16: 3.14677173207655869192e-11
error7: 1.57338586603827934596e-11	 error17: 3.14677173207655869192e-11
error8: 3.14677173207655869192e-11	 error18: 3.14677173207655869192e-11
error9: 3.14677173207655869192e-11

For x0 = 2:
error0: -9.43951023931952626356e-02	 error10: -2.50710357985184373319e-06
error1: -4.75279498588010440585e-03	 error11: -5.31220353572336989600e-06
error2: -6.78985004309851092330e-06	 error12: -2.90813817915847039330e-06
error3: 4.80975540639860810188e-06	 error13: -6.33374548675291748623e-06
error4: -1.59321459047845337409e-05	 error14: -3.10879085585469283615e-06
error5: -3.17298645580166294167e-07	 error15: -8.34357483014969147916e-06
error6: -4.75930738375041073596e-07	 error16: -1.73312090723243272805e-06
error7: -7.13177475297754881467e-07	 error17: -2.36776310069686246607e-06
error8: -1.07424739770323185439e-06	 error18: -2.36776310069686246607e-06
error9: -1.63571709377308138755e-06
