For x0 = 1:
error0: -4.71975511965976313178e-02	 error10: -5.03062336079107552678e-05
error1: -2.45652170654127033345e-02	 error11: -2.51543958549316215567e-05
error2: -1.25640858595492677097e-02	 error12: -1.25775160495500415436e-05
error3: -6.35858704881964165168e-03	 error13: -6.28883624242959626827e-06
error4: -3.19929855661094109109e-03	 error14: -3.14443579241263648782e-06
error5: -1.60476618954530358963e-03	 error15: -1.57222353402985959292e-06
error6: -8.03677253649492939758e-04	 error16: -7.86107650752043696230e-07
error7: -4.02164063744159250291e-04	 error17: -3.93087906447320278858e-07
error8: -2.01163630315859265352e-04	 error18: -1.96606606106541903500e-07
error9: -1.00602244741843094289e-04

For x0 = 2:
error0: -9.43951023931952626356e-02	 error10: -1.55567992775784702530e-03
error1: -6.16583720201511198411e-02	 error11: -1.03688538185675582781e-03
error2: -4.06287612771687456359e-02	 error12: -6.91152946874051821169e-04
error3: -2.68959724726149929097e-02	 error13: -4.60722457185536171664e-04
error4: -1.78521649214427036156e-02	 error14: -3.07127968239395698902e-04
error5: -1.18682044583460211129e-02	 error15: -2.04743092826475958645e-04
error6: -7.89783128837484582618e-03	 error16: -1.36491617516831809098e-04
error7: -5.25899818274178088018e-03	 error17: -9.09924687300112111643e-05
error8: -3.50327252602733452136e-03	 error18: -6.06605758468603539768e-05
error9: -2.33431488368118777998e-03
