	M1 = 2.43820586365651825744e+00
	M2 = 1.92149900902253506496e-01
	M3 = 8.31407582617175511253e-01
	M4 = 4.09995753025747533549e-01
	M5 = 6.16225988349691222723e-01
	M6 = 4.76513332062796890476e-01
	M7 = 5.22934885792810222327e-01
