Q[0][0] =   0.00000000000000e+00
Q[1][1] =   0.00000000000000e+00
Q[2][2] =   3.45919876539739e+01
Q[3][3] =  -6.64656934794888e+02
H3(1.04) approx = 0.1191542
