Q[0][0] =   3.96766629422779e+00
Q[1][1] =   3.18744512245892e+00
Q[2][2] =   1.43455071912265e+02
Q[3][3] =  -2.72576416586324e+03
H3(1.55) approx = 4.8263968
