Q[0][0] =   1.43230815358910e+01
Q[1][1] =   1.17479965439625e+01
Q[2][2] =   3.18521589159916e+02
Q[3][3] =  -6.00540787231663e+03
H3(1.55) approx = 17.5889920
